image: icra_2.png
resolution: 0.05
origin: [-50.000000, -2.300000, 0.000000]
negate: 0
occupied_thresh: 0.45
free_thresh: 0.196
